-6.57 9.76
9.96 0.54
-8.45 8.17
0.81 -1.21
9.81 2.55
-10.4 5.25
6.85 9.18
3.36 2.02
9.67 2.15
7.29 -4.89
-5.08 2.57
3.63 -6.69
3.1 -0.55
8.09 -4.37
-0.62 -6.91
3.45 0.42
-0.09 4.96
-5.66 -2.32
-11.8 0.89
-6.56 10.4
2.96 3.37
-3.37 3.98
-10.0 5.78
0.72 11.4
9.21 3.88
9.63 -0.62
8.03 -3.8
-0.6 -7.16
8.84 6.42
1.45 5.3
-0.09 -0.83
-12.2 0.79
-11.9 3.14
1.91 11.8
1.24 -7.72
0.84 -1.58
9.16 4.38
3.76 -7.03
-0.36 11.5
2.95 11.3
-3.79 -5.62
9.38 3.57
6.82 8.88
-6.1 -0.16
-11.8 0.74
0.81 5.53
0.99 -1.65
6.37 -6.05
-4.85 -4.36
9.45 -0.69
-4.57 4.1
1.08 11.6
3.21 3.38
-4.97 10.7
-5.67 -3.09
9.65 -0.31
-10.8 5.48
3.61 3.29
2.93 10.7
-4.71 3.0
-3.46 11.3
3.76 1.35
-2.99 4.55
-0.75 11.5
-1.72 5.4
2.32 11.2
0.52 11.5
3.91 10.6
1.75 -7.44
3.22 3.73
-3.93 10.8
-5.07 3.12
3.11 -1.19
-1.54 5.02
9.74 4.24
5.85 -6.74
10.3 0.26
-3.28 11.1
0.15 11.9
2.8 4.48
-5.79 0.02
-4.9 2.96
-4.93 -3.93
9.63 4.48
10.1 3.87
4.11 0.61
3.86 0.6
1.49 -7.51
-3.16 4.07
3.4 -6.66
4.47 10.9
-2.98 11.0
2.63 4.15
8.93 5.81
2.57 -0.66
3.68 -0.05
0.87 11.4
8.94 -2.65
-3.68 3.76
1.58 -1.75
-10.5 6.43
-5.73 1.75
0.87 -1.63
3.98 1.1
3.09 11.0
0.37 -0.89
-6.33 -0.97
7.47 -4.84
-5.04 -4.2
8.89 7.05
9.81 -0.54
2.94 0.04
9.93 2.66
3.51 0.21
-5.64 10.5
-4.89 3.41
-3.09 -6.31
-5.63 0.64
-1.49 5.42
0.94 5.36
0.51 -0.8
-5.3 1.12
10.2 -0.38
-5.3 -3.28
7.99 -3.73
3.65 1.55
-1.81 11.4
-6.16 0.59
-6.73 9.24
5.75 9.37
-5.13 10.4
-12.0 2.87
10.1 0.22
-0.17 -1.11
1.34 -1.46
2.14 -7.25
1.83 4.23
-5.19 -3.52
-7.04 9.82
3.99 0.4
-5.35 0.89
9.37 -2.45
-9.16 7.86
0.74 5.15
-5.35 2.14
-9.29 7.04
-1.54 5.15
2.98 0.42
2.21 4.31
-11.0 3.03
-2.87 11.3
4.04 1.72
3.36 3.39
2.98 -0.46
3.05 -7.17
9.6 0.75
1.44 11.1
-0.89 5.45
-0.3 -0.85
-4.59 3.2
3.53 10.9
-5.31 10.3
-5.64 -1.79
-4.87 -4.46
0.25 5.55
-6.31 9.98
2.7 3.93
-3.53 4.07
-11.1 4.74
1.17 11.0
3.32 2.63
2.05 -0.92
-1.76 5.08
-10.3 5.64
3.23 -0.92
3.28 1.23
-2.81 11.6
-5.12 11.1
-3.93 3.97
-0.06 -1.31
-7.09 10.0
6.61 -5.49
0.97 -7.85
-9.68 6.48
2.21 4.13
3.49 -0.95
2.39 -1.16
-0.87 -6.76
2.51 -1.13
2.54 -0.35
-5.18 2.44
-4.9 2.56
-4.88 2.79
-4.31 3.99
9.79 1.13
4.1 1.28
2.5 11.2
3.3 0.34
-4.38 -4.68
1.2 -1.14
-1.22 11.1
-4.51 4.02
-11.2 2.72
1.5 -7.59
-5.53 1.49
-3.06 -5.47
-2.65 -6.34
0.71 -0.71
8.14 6.25
0.98 -0.9
2.41 4.17
3.8 0.64
9.77 0.62
3.69 2.3
0.76 -1.66
-5.56 0.24
-0.31 5.14
1.4 11.0
9.17 4.64
2.52 -7.88
-6.2 0.11
-9.71 7.01
1.42 5.39
9.75 -0.76
3.97 1.89
1.07 -7.73
3.77 0.46
-4.74 -4.11
0.58 -1.38
-6.03 -2.13
9.46 -0.39
8.37 -3.62
9.78 -1.79
9.44 -0.19
-2.23 -6.72
-2.85 -6.41
-3.36 -5.37
1.36 -0.83
-2.72 -6.74
-11.9 2.08
-5.72 10.0
1.52 -7.76
0.63 11.2
-5.36 2.39
-1.26 -7.0
1.73 4.96
1.22 -1.49
8.14 6.72
-3.83 10.9
-9.87 6.17
-5.89 -2.94
3.6 1.35
4.99 9.75
0.52 5.48
-3.41 -6.33
9.41 5.58
6.13 -5.88
9.58 2.05
-2.15 -6.13
-3.18 5.0
-5.58 0.02
2.95 3.51
0.3 4.8
1.08 4.71
0.69 11.4
3.35 2.32
9.17 -3.03
8.09 -3.25
-3.28 11.2
-4.92 3.52
-5.47 -3.64
-4.13 -4.97
2.81 -0.68
-0.08 -0.95
9.55 4.07
2.19 4.92
5.3 -6.42
2.53 -0.54
-5.83 0.12
1.19 -1.09
0.45 -0.75
2.1 4.4
-6.32 -0.62
2.49 -0.57
1.77 -1.66
2.58 -0.62
9.46 3.99
6.61 -5.67
4.01 -7.04
-4.43 3.64
5.53 -6.0
-6.16 0.24
-3.74 4.16
6.95 9.3
-7.55 9.22
3.48 2.61
-10.2 6.09
1.09 -1.26
3.4 -0.49
6.47 -5.45
2.51 -1.44
10.3 2.18
9.14 -2.64
3.46 -0.28
4.11 1.34
-1.71 -7.17
7.85 -4.48
2.65 -6.79
7.84 8.19
-0.21 5.63
8.54 -2.99
-8.98 8.23
9.67 -2.11
6.31 -6.2
-0.14 -0.92
-5.88 -0.43
0.3 -0.78
-4.91 10.2
1.49 -1.01
0.33 5.11
-3.17 -5.65
3.96 2.7
-11.8 3.67
-3.82 -4.53
-11.2 3.7
-1.11 -7.27
0.48 5.15
2.6 -7.11
-7.55 8.93
0.0 5.67
2.91 3.49
-5.97 -1.33
0.36 5.45
-1.19 -6.62
-5.27 2.83
3.37 1.33
6.25 8.69
-0.03 -6.94
-2.39 10.9
-11.8 1.77
3.89 2.16
0.98 11.8
3.09 3.6
0.85 -1.13
6.35 -5.6
-5.72 -2.09
2.8 -0.48
-0.32 5.02
-4.13 -4.03
7.8 -4.71
0.94 -1.35
2.28 -0.83
2.8 -1.1
-5.92 -0.63
-3.37 11.4
-7.6 9.0
-2.18 4.54
-4.93 2.58
2.98 -0.76
9.79 4.43
10.2 2.92
-3.99 3.64
3.87 0.8
-6.14 1.4
-9.69 5.98
-4.1 3.6
-3.83 -5.5
-1.88 5.15
4.62 10.2
9.75 2.22
-2.03 -7.13
-4.69 -3.71
9.61 4.17
-10.2 6.18
3.68 0.33
-0.07 5.55
6.73 8.63
-11.9 2.08
-2.07 10.9
-4.71 -4.57
0.38 -0.96
-4.03 4.5
-0.4 4.84
0.77 -1.59
5.29 -6.32
-5.96 -1.35
2.64 4.12
3.84 2.13
-5.47 -0.53
2.35 -0.77
0.23 -7.55
-5.17 1.54
0.88 -1.09
2.82 4.14
6.68 -4.83
0.35 -1.42
-5.78 -0.1
2.93 2.97
5.33 10.5
9.17 6.41
0.17 5.22
3.31 -0.36
-5.03 3.58
-5.35 0.76
-5.23 -2.8
-10.4 5.57
-4.41 -4.55
-12.1 2.0
6.35 9.18
10.3 0.05
1.48 4.56
-0.99 4.88
5.77 9.11
8.49 5.89
0.59 -1.47
0.85 -0.92
10.2 1.74
0.87 -1.63
-6.29 -0.16
-4.92 3.81
2.79 -1.31
3.78 3.01
-0.53 5.8
-3.66 4.54
3.17 3.79
0.35 -1.49
-6.02 0.64
2.99 -0.37
8.02 8.08
-3.29 11.5
4.33 10.2
0.53 -0.81
6.32 8.94
2.37 -0.99
7.89 -4.29
4.41 10.5
-11.2 2.97
4.24 1.86
7.93 7.61
-3.37 -5.95
3.96 3.28
4.41 9.9
5.84 -6.4
-5.3 3.19
-5.77 -2.52
-5.37 -3.53
0.4 4.83
9.79 3.4
3.98 0.41
-5.54 -0.92
-4.4 -5.11
3.37 1.5
-1.6 -6.93
0.18 5.02
3.7 0.39
4.09 -6.55
-2.05 11.5
-10.1 5.74
-3.0 11.4
0.98 -1.55
-5.3 0.18
-4.45 -3.76
-0.26 -7.1
-5.62 -2.44
-0.48 -7.16
3.21 -7.14
6.61 -5.45
-4.97 3.66
-0.31 -6.76
6.32 -6.07
-1.71 4.78
10.2 3.0
5.96 9.59
-5.33 -0.21
5.63 -6.06
7.64 8.41
5.74 -5.88
-4.82 3.43
-3.72 4.45
4.69 9.95
-3.56 3.97
-0.64 5.18
-1.49 5.65
3.76 10.7
8.83 -3.28
0.42 -1.03
-3.08 -5.92
3.34 1.85
3.75 1.5
9.57 1.15
0.68 -0.96
-9.18 7.79
-12.4 0.39
-4.82 2.7
-5.05 1.11
8.84 6.72
3.47 10.4
2.27 4.89
-4.39 -3.79
3.34 2.47
-3.78 4.03
5.87 9.23
2.86 -0.4
1.79 4.37
8.86 -3.94
-5.15 2.97
-2.74 -6.37
3.38 -0.23
2.88 11.3
-1.93 -6.23
-4.49 -4.61
1.31 -1.02
6.35 8.8
3.54 10.8
-4.79 3.01
9.92 0.88
-5.47 0.52
2.33 4.33
1.89 -0.94
8.77 6.75
9.5 5.2
-5.57 -0.61
-11.4 3.24
3.48 3.4
-8.37 8.93
9.57 3.94
-0.49 -6.98
-2.64 5.24
-11.0 4.61
0.78 -0.81
3.38 2.23
0.98 -0.81
2.3 -1.03
-5.7 -0.34
2.26 4.84
-3.89 -5.46
-9.5 7.96
3.62 0.81
-12.2 2.4
-5.43 1.13
1.69 4.86
0.87 -1.52
-4.8 2.94
8.96 -2.41
1.42 -1.29
3.8 2.48
-4.11 4.62
3.94 1.3
2.33 3.82
3.23 -0.33
-5.71 0.4
0.13 -1.11
-4.42 11.0
8.93 5.66
4.26 0.92
1.18 -1.71
1.52 11.4
0.78 -0.76
0.07 -0.75
0.52 -1.64
0.01 11.0
-6.97 9.34
-11.1 4.71
-0.2 -0.76
-8.73 7.97
3.21 0.37
3.82 1.15
3.47 0.55
2.67 -0.64
-9.99 6.85
1.93 5.08
2.63 -1.22
9.75 -0.22
-7.65 9.33
2.15 -7.53
-5.73 1.69
-3.66 3.88
-6.14 10.1
3.48 2.94
5.76 9.52
5.32 -6.72
-5.75 -0.11
5.81 9.18
9.91 2.68
-2.85 4.85
-3.49 5.03
8.96 -3.62
1.72 11.6
9.01 -1.75
-0.29 5.56
-6.11 0.61
1.08 -1.75
0.94 -0.81
1.27 -1.19
1.97 -1.48
-3.55 3.74
2.38 -0.46
4.58 -6.76
-5.68 1.8
3.46 2.19
0.86 -0.8
5.43 9.85
-1.78 -7.08
6.44 -6.16
-1.21 5.18
-4.38 -4.37
4.67 -6.47
9.79 2.39
-0.45 5.28
2.99 -0.87
9.64 0.67
4.22 2.25
-1.77 -7.35
-1.0 -7.06
-8.68 7.95
3.51 -0.05
7.08 -5.21
-3.67 -5.76
9.2 -1.12
6.53 -5.77
-3.23 -5.31
-4.2 -4.01
6.84 9.16
3.2 3.49
-3.21 4.48
-9.83 6.88
6.05 -5.86
-1.51 -7.05
0.74 11.5
10.1 2.97
0.16 -7.04
7.81 7.55
6.98 8.86
2.15 -1.15
0.75 5.32
2.61 -1.32
9.93 1.1
3.05 2.72
-11.8 3.33
-0.32 11.9
-7.09 10.5
11.4 0.52
-8.99 8.99
0.7 -2.44
-0.99 -1.06
11.0 2.56
-11.8 5.02
7.52 9.17
4.26 2.41
10.8 2.74
8.19 -4.89
-6.5 2.69
3.85 -8.14
3.13 -1.63
8.86 -5.62
-1.31 -7.76
4.46 0.55
-0.21 6.46
-6.38 -3.01
-12.5 1.22
-6.9 10.6
3.6 4.11
-4.38 5.25
-11.5 6.63
0.64 13.0
10.7 4.66
10.9 -0.55
8.9 -4.52
-1.18 -7.61
8.91 7.44
1.63 5.5
0.12 -1.27
-13.2 0.74
-12.9 2.88
1.61 12.7
1.57 -8.39
1.67 -2.23
10.3 4.01
4.18 -7.74
0.54 12.8
3.21 11.6
-4.17 -6.04
10.6 3.48
7.23 9.86
-6.37 -0.44
-12.7 1.16
0.62 5.7
1.02 -2.63
7.16 -6.26
-5.6 -5.41
10.7 -1.25
-4.68 4.73
0.91 12.6
3.7 4.22
-5.58 11.7
-6.46 -3.88
10.9 -0.77
-11.5 6.4
4.24 4.18
2.96 11.6
-5.72 3.63
-4.14 12.4
4.27 1.59
-3.79 4.74
-0.39 12.4
-2.01 6.55
3.41 12.5
0.01 12.2
4.74 11.2
2.1 -8.42
4.0 5.02
-3.92 11.6
-5.06 4.15
3.29 -1.37
-1.56 5.67
10.5 4.44
5.77 -7.54
10.8 1.1
-3.05 12.0
-0.09 12.2
3.61 4.74
-6.37 0.25
-5.47 4.39
-5.4 -4.81
10.7 4.08
10.9 3.65
4.51 1.13
4.82 0.3
2.19 -7.97
-4.22 5.51
4.13 -7.82
4.87 11.8
-2.99 11.8
3.16 4.22
9.6 6.37
2.63 -1.44
4.1 -0.6
0.64 12.1
10.2 -3.25
-4.17 4.42
1.99 -1.9
-10.9 6.73
-6.47 1.58
1.3 -2.59
-0.72 -0.85
4.86 0.92
2.87 11.8
1.2 -2.03
-6.65 -1.19
8.01 -5.62
-5.17 -5.05
9.57 7.11
10.5 0.03
3.63 -1.01
-0.57 -1.24
11.2 2.31
4.74 0.31
-5.98 11.1
-5.37 4.11
-3.08 -7.46
-6.88 0.71
-1.43 6.15
0.68 6.61
0.61 -2.02
-6.67 1.2
-0.51 -1.39
11.2 0.13
-5.82 -3.8
9.45 -4.85
4.38 2.84
-1.02 12.8
-6.74 1.19
-7.25 10.4
5.82 10.2
-6.05 11.1
-13.1 2.68
10.8 -0.47
0.16 -1.62
1.45 -2.3
1.99 -8.16
2.59 5.09
-5.84 -3.86
-6.77 10.3
4.28 -0.09
-6.72 1.46
10.2 -3.12
-9.43 8.77
-0.33 -1.44
0.88 6.12
-5.78 2.49
-10.2 8.12
-1.69 5.94
-1.04 -0.81
4.05 -0.3
2.98 4.99
-12.8 3.23
-3.71 11.9
5.05 2.09
3.43 3.69
4.11 -0.7
2.95 -8.74
10.5 1.18
0.83 12.2
-1.19 6.6
-0.06 -1.71
-5.34 4.09
4.13 11.3
-6.19 11.1
-6.75 -2.22
-5.22 -4.61
0.3 6.35
-6.45 11.0
3.69 4.55
-4.31 4.59
-12.1 5.82
1.56 12.3
3.99 3.15
3.35 -1.58
-0.42 -1.72
-1.32 5.9
-11.5 6.43
4.17 -1.22
4.53 1.42
-3.29 12.1
-5.4 11.4
-4.85 4.35
-0.07 -1.65
-7.76 10.3
8.21 -5.78
0.91 -8.53
-10.4 7.32
2.46 5.19
4.21 -0.54
3.1 -2.11
-0.75 -7.75
3.31 -0.78
3.57 -1.25
-5.53 2.97
-5.83 2.94
-5.26 3.46
-4.62 4.49
10.6 1.18
5.21 2.02
2.41 12.1
4.79 0.52
-5.49 -5.01
1.15 -2.54
-1.71 12.5
-5.07 4.03
-12.4 3.05
1.61 -8.75
-6.52 2.32
-3.51 -6.29
-2.6 -6.98
0.68 -2.41
9.26 7.21
1.91 -2.69
2.1 5.07
4.7 -0.22
10.9 0.06
4.84 2.6
0.98 -1.86
-7.13 -0.59
-0.19 6.04
1.53 12.4
10.1 4.59
1.98 -8.16
-6.88 -0.55
-10.1 8.34
1.78 6.18
10.5 -0.36
4.63 1.41
0.27 -8.84
4.76 -0.27
-5.94 -3.8
1.17 -2.17
-6.62 -2.83
10.6 -0.71
9.68 -3.39
10.5 -2.04
11.3 -0.88
-2.68 -6.9
-2.55 -6.68
-3.74 -6.22
2.13 -2.2
-3.02 -6.9
-12.5 1.44
-6.14 10.8
1.49 -7.98
0.31 12.1
-5.91 2.66
-2.24 -8.11
1.43 6.04
2.08 -1.79
8.91 7.22
-3.9 11.7
-0.84 -0.98
-11.0 6.87
-6.49 -3.11
4.79 0.7
5.38 11.6
0.34 5.74
-3.35 -6.54
9.64 6.45
6.28 -7.22
10.8 2.1
-2.04 -7.7
-3.29 5.76
-6.77 0.09
3.32 4.36
0.42 5.92
1.97 5.42
0.72 12.0
4.5 2.73
9.78 -3.1
9.56 -4.59
-4.07 11.5
-4.95 4.3
-5.68 -4.25
-4.93 -5.75
2.77 -1.31
0.34 -1.71
10.7 5.16
2.05 5.24
5.24 -7.66
3.67 -1.54
-6.53 0.33
1.73 -2.27
0.57 -2.45
2.59 5.42
-7.28 -0.84
3.76 -1.71
2.44 -2.46
3.56 -1.24
10.4 4.93
6.97 -6.12
4.38 -8.4
-5.21 4.1
6.35 -6.53
-6.38 -0.09
-4.81 4.7
7.09 9.63
-7.89 9.86
4.56 2.69
-11.3 5.66
0.4 -1.77
4.51 -0.56
7.35 -6.1
3.08 -2.05
10.9 2.42
10.1 -3.66
3.91 -0.07
4.6 1.47
-1.62 -7.23
8.62 -4.97
2.86 -8.67
-0.52 -1.42
-0.82 -0.9
8.4 8.52
-0.01 5.79
9.88 -2.82
-10.0 8.65
10.6 -1.8
6.38 -7.43
-0.05 -1.52
-7.13 -0.46
-0.12 -1.74
-5.73 11.0
1.9 -2.03
0.17 6.42
-3.4 -6.71
4.1 2.56
-12.2 3.6
-5.15 -5.37
-12.8 3.66
-1.29 -8.5
0.5 6.76
3.57 -8.39
-8.34 9.78
-0.16 6.73
3.47 5.15
-6.9 -2.03
0.17 6.56
-0.6 -7.8
-6.07 3.42
4.65 2.03
7.0 9.78
-0.19 -8.54
-3.56 11.8
-12.6 1.36
4.76 2.36
0.93 12.1
3.96 4.78
0.06 -1.94
7.35 -6.28
-6.68 -2.02
3.89 -1.42
-0.63 6.19
-4.98 -5.11
8.38 -5.65
0.67 -2.03
3.26 -1.32
3.99 -1.06
-7.05 -0.95
-3.21 12.2
-8.49 9.22
-0.96 -0.75
-3.43 5.56
-5.86 2.89
4.32 -0.2
10.5 5.36
10.7 2.32
-5.43 4.38
4.68 1.27
-6.6 1.32
-10.9 6.22
-5.46 4.51
-4.38 -6.26
-2.18 5.78
5.8 11.2
10.6 3.04
-1.48 -7.47
-5.45 -4.26
11.1 4.13
-1.08 -0.98
-11.5 6.64
4.23 0.51
-0.37 6.43
7.3 9.51
-13.0 1.6
-3.15 12.8
-4.56 -5.57
0.41 -2.01
-4.9 4.26
0.23 5.85
2.0 -2.14
6.54 -6.79
-6.57 -1.11
3.28 5.43
4.56 2.73
-7.06 -1.55
3.78 -1.78
0.8 -8.2
-6.27 1.91
1.2 -2.09
2.78 5.1
7.24 -5.6
1.44 -2.65
-7.08 -0.46
3.51 4.14
5.61 11.3
10.0 7.07
-0.56 5.9
-0.67 -1.35
4.05 -0.08
-5.61 3.61
-7.09 0.21
-6.27 -2.8
-11.2 6.31
-4.85 -5.74
-13.2 2.81
7.19 10.3
10.9 -0.18
1.9 6.11
-1.02 6.06
7.27 10.1
9.95 6.73
0.01 -2.21
1.2 -2.52
11.1 2.73
0.68 -2.19
-6.74 -0.27
-5.58 3.4
3.97 -1.51
3.98 3.9
-0.76 6.11
-3.9 5.33
3.36 3.99
1.05 -2.45
-6.62 1.16
4.97 -0.08
8.68 8.5
-3.86 11.7
4.41 11.7
0.56 -2.43
7.46 9.41
2.93 -2.26
8.79 -4.77
5.38 11.1
-12.2 3.61
5.19 1.35
8.38 8.51
-3.81 -6.12
4.07 3.19
5.48 10.5
6.85 -6.41
-5.74 3.61
-6.42 -2.97
-6.17 -3.83
0.31 6.48
10.2 4.32
4.51 0.71
-7.04 -1.4
-5.23 -4.98
4.87 1.8
-1.62 -7.69
1.05 6.0
4.02 -0.31
4.68 -7.79
-2.01 12.4
-10.8 6.45
-2.77 12.2
2.3 -2.28
-6.89 0.91
-6.08 -4.2
-0.73 -8.59
-6.7 -2.43
0.32 -8.4
3.53 -8.27
7.55 -5.54
-5.34 3.45
-0.68 -7.79
7.66 -6.76
-2.07 5.58
10.6 2.6
6.65 9.77
-6.46 -0.22
6.69 -6.54
7.48 8.8
5.87 -7.07
-5.36 4.15
-4.76 4.72
4.29 11.2
-5.07 4.35
-1.28 6.76
-2.11 5.66
3.94 11.3
9.84 -4.33
1.05 -2.51
-3.6 -7.22
4.94 2.55
5.0 2.53
10.9 1.76
-0.62 -0.78
1.55 -2.53
-10.1 8.59
-13.5 0.7
-6.08 3.72
-6.44 1.42
9.63 6.78
3.52 11.6
2.33 5.44
-5.31 -5.21
4.63 2.68
-4.47 5.39
5.94 10.5
-0.48 -0.72
4.33 -1.41
2.01 5.31
9.73 -4.33
-6.25 3.03
-2.96 -6.69
3.61 -0.65
3.5 12.3
-2.06 -7.65
-5.67 -5.45
1.27 -2.02
7.41 9.97
3.77 12.0
-5.57 2.62
11.4 1.23
-6.66 0.43
-1.2 -0.83
2.91 5.37
2.29 -2.1
9.1 7.82
10.3 6.11
-6.46 -0.3
-12.7 3.52
3.32 4.52
-8.2 9.39
10.1 4.32
0.22 -7.78
-2.68 5.59
-12.2 4.51
0.31 -2.21
5.01 2.56
0.97 -1.83
3.05 -1.19
-7.18 -1.09
2.11 5.43
-4.97 -6.14
-9.4 8.71
4.46 0.24
-12.3 2.69
-6.51 0.8
1.12 5.54
0.88 -2.23
-5.3 3.16
10.6 -2.76
1.83 -2.53
4.6 2.62
-4.04 4.82
4.5 2.04
3.32 5.04
3.59 -1.06
-6.7 -0.41
0.34 -1.52
-3.95 11.9
10.3 6.12
4.98 1.99
1.97 -2.58
1.77 12.0
0.27 -1.81
-0.68 -1.62
1.71 -2.26
-0.18 12.9
-8.39 10.0
-11.4 5.25
-0.13 -1.68
-9.2 9.53
4.76 -0.18
4.61 1.25
4.92 0.02
3.48 -1.84
-10.4 6.89
2.73 6.08
3.29 -1.92
10.5 -0.88
-8.44 9.78
1.65 -8.5
-6.02 1.81
-4.67 4.94
-0.52 -1.1
-6.96 10.4
4.08 3.72
6.95 9.67
5.82 -7.07
-6.7 -0.85
6.46 9.88
0.82 -1.63
11.3 1.98
-3.8 5.33
-3.66 4.89
9.65 -3.91
2.24 12.3
10.2 -1.72
-0.3 6.77
-6.55 0.07
1.17 -2.56
0.89 -1.79
2.23 -2.3
1.89 -2.2
-4.48 4.26
3.11 -1.39
4.45 -7.78
-6.2 1.16
4.04 3.06
1.31 -2.02
6.09 10.1
-1.62 -8.19
7.09 -6.57
-1.01 5.91
-5.33 -5.14
5.24 -7.54
11.3 1.93
-0.69 6.4
3.12 -1.64
11.0 0.64
4.24 2.81
-1.97 -7.41
0.43 -2.22
-0.97 -8.53
-0.59 -1.61
-10.0 8.81
4.65 0.11
7.93 -5.08
-4.34 -6.19
10.8 -0.97
7.44 -6.13
-4.24 -6.0
-5.83 -5.29
7.37 9.46
3.99 3.96
-3.42 4.96
-11.0 7.24
6.98 -6.9
-1.26 -8.24
0.6 12.4
-0.28 -0.78
10.6 2.87
0.29 -8.49
-0.85 -1.71
8.46 7.88
7.95 9.51
2.92 -1.12
0.94 5.92
-0.59 -1.25
3.21 -1.79
11.1 1.31
4.19 3.36
-12.4 2.76
-0.36 12.3