7.57 -8.76
-8.96 0.46
9.45 -7.17
0.19 2.21
-8.81 -1.55
11.4 -4.25
-5.85 -8.18
-2.36 -1.02
-8.67 -1.15
-6.29 5.89
6.08 -1.57
-2.63 7.69
-2.1 1.55
-7.09 5.37
1.62 7.91
-2.45 0.58
1.09 -3.96
6.66 3.32
12.8 0.11
7.56 -9.37
-1.96 -2.37
4.37 -2.98
11 -4.78
0.28 -10.4
-8.21 -2.88
-8.63 1.62
-7.03 4.8
1.6 8.16
-7.84 -5.42
-0.45 -4.3
1.09 1.83
13.2 0.22
12.9 -2.14
-0.91 -10.8
-0.24 8.72
0.16 2.58
-8.16 -3.38
-2.76 8.03
1.36 -10.5
-1.95 -10.3
4.79 6.62
-8.38 -2.57
-5.82 -7.88
7.1 1.16
12.8 0.26
0.19 -4.53
0.01 2.65
-5.37 7.05
5.85 5.36
-8.45 1.69
5.57 -3.1
-0.08 -10.6
-2.21 -2.38
5.97 -9.72
6.67 4.09
-8.65 1.31
11.8 -4.48
-2.61 -2.29
-1.93 -9.67
5.71 -2
4.46 -10.3
-2.76 -0.36
3.99 -3.55
1.74 -10.5
2.72 -4.4
-1.32 -10.2
0.48 -10.5
-2.91 -9.63
-0.75 8.44
-2.22 -2.73
4.93 -9.84
6.07 -2.12
-2.11 2.19
2.54 -4.02
-8.74 -3.24
-4.85 7.74
-9.28 0.74
4.28 -10.1
0.85 -10.9
-1.8 -3.48
6.79 0.98
5.9 -1.96
5.93 4.93
-8.63 -3.48
-9.12 -2.87
-3.11 0.39
-2.86 0.4
-0.49 8.51
4.16 -3.07
-2.4 7.66
-3.47 -9.86
3.98 -10
-1.63 -3.15
-7.93 -4.81
-1.57 1.66
-2.68 1.05
0.13 -10.4
-7.94 3.65
4.68 -2.76
-0.58 2.75
11.5 -5.43
6.73 -0.75
0.13 2.63
-2.98 -0.1
-2.09 -10
0.63 1.89
7.33 1.97
-6.47 5.84
6.04 5.2
-7.89 -6.05
-8.81 1.54
-1.94 0.96
-8.93 -1.66
-2.51 0.79
6.64 -9.45
5.89 -2.41
4.09 7.31
6.63 0.36
2.49 -4.42
0.06 -4.36
0.49 1.8
6.3 -0.12
-9.23 1.38
6.3 4.28
-6.99 4.73
-2.65 -0.55
2.81 -10.4
7.16 0.41
7.73 -8.24
-4.75 -8.37
6.13 -9.43
13 -1.87
-9.06 0.78
1.17 2.11
-0.34 2.46
-1.14 8.25
-0.83 -3.23
6.19 4.52
8.04 -8.82
-2.99 0.6
6.35 0.12
-8.37 3.45
10.2 -6.86
0.26 -4.15
6.35 -1.14
10.3 -6.04
2.54 -4.15
-1.98 0.58
-1.21 -3.31
12 -2.03
3.87 -10.3
-3.04 -0.72
-2.36 -2.39
-1.98 1.46
-2.05 8.17
-8.6 0.25
-0.44 -10.1
1.89 -4.45
1.3 1.85
5.59 -2.2
-2.53 -9.88
6.31 -9.29
6.64 2.79
5.87 5.46
0.75 -4.55
7.31 -8.98
-1.7 -2.93
4.53 -3.07
12.1 -3.74
-0.18 -10
-2.32 -1.63
-1.05 1.92
2.76 -4.08
11.3 -4.64
-2.23 1.92
-2.28 -0.23
3.81 -10.6
6.12 -10.1
4.93 -2.97
1.06 2.31
8.09 -9.03
-5.61 6.49
0.03 8.85
10.7 -5.48
-1.21 -3.13
-2.49 1.95
-1.39 2.16
1.87 7.76
-1.51 2.13
-1.54 1.35
6.18 -1.44
5.9 -1.56
5.88 -1.79
5.31 -2.99
-8.79 -0.13
-3.1 -0.29
-1.5 -10.2
-2.3 0.66
5.38 5.68
-0.2 2.14
2.22 -10.1
5.51 -3.02
12.2 -1.72
-0.5 8.59
6.53 -0.49
4.06 6.47
3.65 7.34
0.29 1.71
-7.14 -5.25
0.02 1.9
-1.41 -3.17
-2.8 0.36
-8.77 0.38
-2.69 -1.3
0.25 2.66
6.56 0.76
1.31 -4.14
-0.4 -9.95
-8.17 -3.64
-1.52 8.88
7.2 0.89
10.7 -6.01
-0.42 -4.39
-8.75 1.76
-2.97 -0.89
-0.07 8.73
-2.77 0.54
5.74 5.11
0.42 2.38
7.03 3.13
-8.46 1.39
-7.37 4.62
-8.78 2.79
-8.44 1.19
3.23 7.72
3.85 7.41
4.36 6.37
-0.36 1.83
3.72 7.74
12.9 -1.08
6.72 -9.02
-0.52 8.76
0.37 -10.2
6.36 -1.39
2.26 8
-0.73 -3.96
-0.22 2.49
-7.14 -5.72
4.83 -9.87
10.9 -5.17
6.89 3.94
-2.6 -0.35
-3.99 -8.75
0.48 -4.48
4.41 7.33
-8.41 -4.58
-5.13 6.88
-8.58 -1.05
3.15 7.13
4.18 -4
6.58 0.98
-1.95 -2.51
0.7 -3.8
-0.08 -3.71
0.32 -10.4
-2.35 -1.32
-8.17 4.03
-7.09 4.25
4.28 -10.2
5.92 -2.52
6.47 4.64
5.13 5.97
-1.81 1.68
1.08 1.95
-8.55 -3.07
-1.19 -3.92
-4.3 7.42
-1.53 1.54
6.83 0.88
-0.19 2.09
0.55 1.75
-1.1 -3.4
7.32 1.62
-1.49 1.57
-0.78 2.66
-1.58 1.62
-8.46 -2.99
-5.61 6.67
-3.01 8.04
5.43 -2.64
-4.53 7
7.16 0.76
4.74 -3.16
-5.95 -8.3
8.55 -8.22
-2.48 -1.61
11.2 -5.09
-0.09 2.26
-2.4 1.49
-5.47 6.45
-1.51 2.44
-9.28 -1.18
-8.14 3.64
-2.46 1.28
-3.11 -0.34
2.71 8.17
-6.85 5.48
-1.65 7.79
-6.84 -7.19
1.21 -4.63
-7.54 3.99
9.98 -7.23
-8.67 3.11
-5.31 7.2
1.14 1.92
6.88 1.43
0.7 1.78
5.91 -9.19
-0.49 2.01
0.67 -4.11
4.17 6.65
-2.96 -1.7
12.8 -2.67
4.82 5.53
12.2 -2.7
2.11 8.27
0.52 -4.15
-1.6 8.11
8.55 -7.93
1 -4.67
-1.91 -2.49
6.97 2.33
0.65 -4.45
2.19 7.62
6.27 -1.83
-2.37 -0.33
-5.25 -7.69
1.03 7.94
3.39 -9.88
12.8 -0.77
-2.89 -1.16
0.02 -10.8
-2.09 -2.6
0.15 2.13
-5.35 6.6
6.72 3.09
-1.8 1.48
1.31 -4.02
5.13 5.03
-6.8 5.71
0.06 2.35
-1.28 1.83
-1.8 2.1
6.92 1.63
4.37 -10.4
8.6 -8
3.18 -3.54
5.93 -1.58
-1.98 1.75
-8.79 -3.43
-9.23 -1.92
4.99 -2.64
-2.87 0.2
7.14 -0.4
10.7 -4.98
5.1 -2.6
4.83 6.5
2.88 -4.15
-3.62 -9.25
-8.75 -1.22
3.03 8.13
5.69 4.71
-8.61 -3.17
11.2 -5.18
-2.68 0.67
1.07 -4.55
-5.73 -7.63
12.9 -1.08
3.07 -9.94
5.71 5.57
0.62 1.96
5.03 -3.5
1.4 -3.84
0.23 2.59
-4.29 7.32
6.96 2.35
-1.64 -3.12
-2.84 -1.13
6.47 1.53
-1.35 1.77
0.77 8.55
6.17 -0.54
0.12 2.09
-1.82 -3.14
-5.68 5.83
0.65 2.42
6.78 1.1
-1.93 -1.97
-4.33 -9.46
-8.17 -5.41
0.84 -4.22
-2.31 1.36
6.03 -2.58
6.35 0.24
6.23 3.8
11.4 -4.57
5.41 5.55
13.1 -1
-5.35 -8.18
-9.3 0.95
-0.48 -3.56
1.99 -3.88
-4.77 -8.11
-7.49 -4.89
0.41 2.47
0.15 1.92
-9.22 -0.74
0.13 2.63
7.29 1.16
5.92 -2.81
-1.79 2.31
-2.78 -2.01
1.53 -4.8
4.66 -3.54
-2.17 -2.79
0.66 2.49
7.02 0.36
-1.99 1.36
-7.02 -7.08
4.29 -10.5
-3.33 -9.2
0.47 1.81
-5.32 -7.94
-1.37 1.99
-6.89 5.29
-3.41 -9.51
12.2 -1.97
-3.24 -0.86
-6.93 -6.61
4.37 6.95
-2.96 -2.28
-3.41 -8.9
-4.84 7.4
6.3 -2.19
6.77 3.52
6.37 4.53
0.6 -3.83
-8.79 -2.4
-2.98 0.6
6.54 1.92
5.4 6.11
-2.37 -0.5
2.6 7.93
0.82 -4.02
-2.7 0.62
-3.09 7.55
3.05 -10.5
11.1 -4.74
4 -10.4
0.02 2.55
6.3 0.82
5.45 4.76
1.26 8.1
6.62 3.44
1.48 8.16
-2.21 8.14
-5.61 6.45
5.97 -2.66
1.31 7.76
-5.32 7.07
2.71 -3.78
-9.2 -2
-4.96 -8.59
6.33 1.21
-4.63 7.06
-6.64 -7.41
-4.74 6.88
5.82 -2.43
4.72 -3.45
-3.69 -8.95
4.56 -2.97
1.64 -4.18
2.49 -4.65
-2.76 -9.75
-7.83 4.28
0.58 2.03
4.08 6.92
-2.34 -0.85
-2.75 -0.5
-8.57 -0.15
0.32 1.96
10.2 -6.79
13.4 0.61
5.82 -1.7
6.05 -0.11
-7.84 -5.72
-2.47 -9.4
-1.27 -3.89
5.39 4.79
-2.34 -1.47
4.78 -3.03
-4.87 -8.23
-1.86 1.4
-0.79 -3.37
-7.86 4.94
6.15 -1.97
3.74 7.37
-2.38 1.23
-1.88 -10.3
2.93 7.23
5.49 5.61
-0.31 2.02
-5.35 -7.8
-2.54 -9.8
5.79 -2.01
-8.92 0.12
6.47 0.48
-1.33 -3.33
-0.9 1.94
-7.77 -5.75
-8.5 -4.2
6.57 1.61
12.4 -2.24
-2.48 -2.4
9.37 -7.93
-8.57 -2.94
1.49 7.98
3.64 -4.24
12 -3.61
0.22 1.8
-2.38 -1.23
0.02 1.81
-1.3 2.03
6.7 1.34
-1.26 -3.84
4.89 6.46
10.5 -6.96
-2.62 0.19
13.2 -1.4
6.43 -0.13
-0.69 -3.86
0.13 2.52
5.8 -1.94
-7.96 3.41
-0.42 2.29
-2.8 -1.48
5.11 -3.62
-2.94 -0.31
-1.33 -2.82
-2.23 1.33
6.71 0.6
0.87 2.11
5.42 -10
-7.93 -4.66
-3.26 0.08
-0.18 2.71
-0.52 -10.4
0.22 1.76
0.93 1.75
0.48 2.64
0.99 -10
7.97 -8.34
12.1 -3.71
1.2 1.76
9.73 -6.97
-2.21 0.64
-2.82 -0.15
-2.47 0.45
-1.67 1.64
11 -5.85
-0.93 -4.08
-1.63 2.22
-8.75 1.22
8.65 -8.33
-1.15 8.53
6.73 -0.69
4.66 -2.88
7.14 -9.13
-2.48 -1.94
-4.76 -8.52
-4.32 7.72
6.75 1.11
-4.81 -8.18
-8.91 -1.68
3.85 -3.85
4.49 -4.03
-7.96 4.62
-0.72 -10.6
-8.01 2.75
1.29 -4.56
7.11 0.39
-0.08 2.75
0.07 1.81
-0.27 2.19
-0.97 2.48
4.55 -2.74
-1.38 1.46
-3.58 7.76
6.68 -0.8
-2.46 -1.19
0.14 1.8
-4.43 -8.85
2.78 8.08
-5.44 7.16
2.21 -4.18
5.38 5.37
-3.67 7.47
-8.79 -1.39
1.45 -4.28
-1.99 1.87
-8.64 0.34
-3.22 -1.25
2.77 8.35
2 8.06
9.68 -6.95
-2.51 1.05
-6.08 6.21
4.67 6.76
-8.2 2.12
-5.53 6.77
4.23 6.31
5.2 5.01
-5.84 -8.16
-2.2 -2.49
4.21 -3.48
10.8 -5.88
-5.05 6.86
2.51 8.05
0.26 -10.5
-9.14 -1.97
0.84 8.04
-6.81 -6.55
-5.98 -7.86
-1.15 2.15
0.26 -4.32
-1.61 2.32
-8.93 -0.1
-2.05 -1.72
12.8 -2.33
1.32 -10.9
8.09 -9.47
-10.4 0.48
9.99 -7.99
0.3 3.44
1.99 2.06
-10 -1.56
12.8 -4.02
-6.52 -8.17
-3.26 -1.41
-9.81 -1.74
-7.19 5.89
7.5 -1.69
-2.85 9.14
-2.13 2.63
-7.86 6.62
2.31 8.76
-3.46 0.45
1.21 -5.46
7.38 4.01
13.5 -0.22
7.9 -9.62
-2.6 -3.11
5.38 -4.25
12.5 -5.63
0.36 -12
-9.75 -3.66
-9.92 1.55
-7.9 5.52
2.18 8.61
-7.91 -6.44
-0.63 -4.5
0.89 2.27
14.2 0.26
13.9 -1.88
-0.61 -11.7
-0.57 9.39
-0.67 3.23
-9.25 -3.01
-3.18 8.74
0.46 -11.8
-2.21 -10.6
5.17 7.04
-9.61 -2.48
-6.23 -8.86
7.37 1.44
13.7 -0.16
0.38 -4.7
-0.02 3.63
-6.16 7.26
6.6 6.41
-9.66 2.25
5.68 -3.73
0.09 -11.6
-2.7 -3.22
6.58 -10.7
7.46 4.88
-9.92 1.77
12.5 -5.4
-3.24 -3.18
-1.96 -10.6
6.72 -2.63
5.14 -11.4
-3.27 -0.59
4.79 -3.74
1.39 -11.4
3.01 -5.55
-2.41 -11.5
1 -11.2
-3.74 -10.2
-1.1 9.42
-3 -4.02
4.92 -10.6
6.06 -3.15
-2.29 2.37
2.56 -4.67
-9.47 -3.44
-4.77 8.54
-9.85 -0.1
4.05 -11
1.09 -11.2
-2.61 -3.74
7.37 0.75
6.47 -3.39
6.4 5.81
-9.73 -3.08
-9.86 -2.65
-3.51 -0.13
-3.82 0.7
-1.19 8.97
5.22 -4.51
-3.13 8.82
-3.87 -10.8
3.99 -10.8
-2.16 -3.22
-8.6 -5.37
-1.63 2.44
-3.1 1.6
0.36 -11.1
-9.25 4.25
5.17 -3.42
-1 2.9
11.9 -5.73
7.47 -0.58
-0.3 3.59
1.72 1.84
-3.86 0.08
-1.87 -10.8
-0.2 3.03
7.65 2.19
-7.01 6.62
6.17 6.05
-8.57 -6.11
-9.5 0.97
-2.63 2.01
1.57 2.24
-10.2 -1.31
-3.74 0.69
6.98 -10.1
6.37 -3.11
4.08 8.46
7.88 0.29
2.43 -5.15
0.32 -5.61
0.39 3.02
7.67 -0.2
1.51 2.39
-10.2 0.87
6.82 4.8
-8.45 5.85
-3.38 -1.84
2.02 -11.8
7.74 -0.19
8.25 -9.41
-4.82 -9.19
7.05 -10.1
14.1 -1.68
-9.78 1.47
0.84 2.62
-0.45 3.3
-0.99 9.16
-1.59 -4.09
6.84 4.86
7.77 -9.32
-3.28 1.09
7.72 -0.46
-9.25 4.12
10.4 -7.77
1.33 2.44
0.12 -5.12
6.78 -1.49
11.2 -7.12
2.69 -4.94
2.04 1.81
-3.05 1.3
-1.98 -3.99
13.8 -2.23
4.71 -10.9
-4.05 -1.09
-2.43 -2.69
-3.11 1.7
-1.95 9.74
-9.54 -0.18
0.17 -11.2
2.19 -5.6
1.06 2.71
6.34 -3.09
-3.13 -10.3
7.19 -10.1
7.75 3.22
6.22 5.61
0.7 -5.35
7.45 -9.98
-2.69 -3.55
5.31 -3.59
13.1 -4.82
-0.56 -11.3
-2.99 -2.15
-2.35 2.58
1.42 2.72
2.32 -4.9
12.5 -5.43
-3.17 2.22
-3.53 -0.42
4.29 -11.1
6.4 -10.4
5.85 -3.35
1.07 2.65
8.76 -9.29
-7.21 6.78
0.09 9.53
11.4 -6.32
-1.46 -4.19
-3.21 1.54
-2.1 3.11
1.75 8.75
-2.31 1.78
-2.57 2.25
6.53 -1.97
6.83 -1.94
6.26 -2.46
5.62 -3.49
-9.62 -0.19
-4.21 -1.02
-1.41 -11.1
-3.79 0.48
6.49 6.01
-0.15 3.54
2.71 -11.5
6.07 -3.03
13.4 -2.05
-0.61 9.75
7.52 -1.32
4.51 7.29
3.6 7.98
0.32 3.41
-8.26 -6.21
-0.91 3.69
-1.1 -4.07
-3.7 1.22
-9.89 0.94
-3.84 -1.6
0.02 2.86
8.13 1.59
1.19 -5.04
-0.53 -11.4
-9.14 -3.59
-0.98 9.16
7.88 1.55
11.1 -7.34
-0.78 -5.18
-9.53 1.36
-3.63 -0.41
0.73 9.84
-3.76 1.27
6.94 4.8
-0.17 3.17
7.62 3.83
-9.58 1.71
-8.68 4.39
-9.55 3.04
-10.3 1.88
3.68 7.9
3.55 7.68
4.74 7.22
-1.13 3.2
4.02 7.9
13.5 -0.44
7.14 -9.81
-0.49 8.98
0.69 -11.1
6.91 -1.66
3.24 9.11
-0.44 -5.04
-1.08 2.79
-7.91 -6.22
4.9 -10.7
1.84 1.98
12 -5.87
7.49 4.11
-3.79 0.3
-4.38 -10.6
0.66 -4.74
4.35 7.54
-8.64 -5.45
-5.28 8.22
-9.79 -1.1
3.04 8.7
4.29 -4.76
7.77 0.91
-2.32 -3.36
0.58 -4.92
-0.97 -4.42
0.28 -11
-3.5 -1.73
-8.78 4.1
-8.56 5.59
5.07 -10.5
5.95 -3.3
6.68 5.25
5.93 6.75
-1.77 2.31
0.66 2.71
-9.68 -4.16
-1.05 -4.24
-4.24 8.66
-2.67 2.54
7.53 0.67
-0.73 3.27
0.43 3.45
-1.59 -4.42
8.28 1.84
-2.76 2.71
-1.44 3.46
-2.56 2.24
-9.37 -3.93
-5.97 7.12
-3.38 9.4
6.21 -3.1
-5.35 7.53
7.38 1.09
5.81 -3.7
-6.09 -8.63
8.89 -8.86
-3.56 -1.69
12.3 -4.66
0.6 2.77
-3.51 1.56
-6.35 7.1
-2.08 3.05
-9.89 -1.42
-9.06 4.66
-2.91 1.07
-3.6 -0.47
2.62 8.23
-7.62 5.97
-1.86 9.67
1.52 2.42
1.82 1.9
-7.4 -7.52
1.01 -4.79
-8.88 3.82
11 -7.65
-9.57 2.8
-5.38 8.43
1.05 2.52
8.13 1.46
1.12 2.74
6.73 -10
-0.9 3.03
0.83 -5.42
4.4 7.71
-3.1 -1.56
13.2 -2.6
6.15 6.37
13.8 -2.66
2.29 9.5
0.5 -5.76
-2.57 9.39
9.34 -8.78
1.16 -5.73
-2.47 -4.15
7.9 3.03
0.83 -5.56
1.59 8.8
7.07 -2.42
-3.65 -1.03
-6 -8.78
1.19 9.54
4.56 -10.8
13.6 -0.36
-3.76 -1.36
0.07 -11.1
-2.96 -3.78
0.94 2.94
-6.35 7.28
7.68 3.02
-2.89 2.42
1.63 -5.19
5.98 6.11
-7.38 6.65
0.33 3.03
-2.26 2.32
-2.99 2.06
8.05 1.95
4.21 -11.2
9.49 -8.22
1.96 1.74
4.43 -4.56
6.86 -1.89
-3.32 1.2
-9.49 -4.36
-9.68 -1.32
6.43 -3.38
-3.68 -0.27
7.6 -0.32
11.9 -5.22
6.46 -3.51
5.38 7.26
3.18 -4.78
-4.8 -10.2
-9.58 -2.04
2.48 8.47
6.45 5.26
-10.1 -3.13
2.08 1.98
12.5 -5.64
-3.23 0.49
1.37 -5.43
-6.3 -8.51
14 -0.6
4.15 -11.8
5.56 6.57
0.59 3.01
5.9 -3.26
0.77 -4.85
-1 3.14
-5.54 7.79
7.57 2.11
-2.28 -4.43
-3.56 -1.73
8.06 2.55
-2.78 2.78
0.2 9.2
7.27 -0.91
-0.2 3.09
-1.78 -4.1
-6.24 6.6
-0.44 3.65
8.08 1.46
-2.51 -3.14
-4.61 -10.3
-9.02 -6.07
1.55 -4.9
1.67 2.35
-3.05 1.08
6.61 -2.61
8.09 0.79
7.27 3.8
12.2 -5.31
5.85 6.74
14.2 -1.81
-6.19 -9.33
-9.87 1.18
-0.9 -5.11
2.02 -5.06
-6.27 -9.14
-8.95 -5.73
0.99 3.21
-0.2 3.52
-10.1 -1.73
0.32 3.19
7.74 1.27
6.58 -2.4
-2.97 2.51
-2.98 -2.9
1.76 -5.11
4.9 -4.33
-2.36 -2.99
-0.05 3.45
7.62 -0.16
-3.97 1.08
-7.68 -7.5
4.86 -10.7
-3.41 -10.7
0.44 3.43
-6.46 -8.41
-1.93 3.26
-7.79 5.77
-4.38 -10.1
13.2 -2.61
-4.19 -0.35
-7.38 -7.51
4.81 7.12
-3.07 -2.19
-4.48 -9.55
-5.85 7.41
6.74 -2.61
7.42 3.97
7.17 4.83
0.69 -5.48
-9.16 -3.32
-3.51 0.29
8.04 2.4
6.23 5.98
-3.87 -0.8
2.62 8.69
-0.05 -5
-3.02 1.31
-3.68 8.79
3.01 -11.4
11.8 -5.45
3.77 -11.2
-1.3 3.28
7.89 0.09
7.08 5.2
1.73 9.59
7.7 3.43
0.68 9.4
-2.53 9.27
-6.55 6.54
6.34 -2.45
1.68 8.79
-6.66 7.76
3.07 -4.58
-9.59 -1.6
-5.65 -8.77
7.46 1.22
-5.69 7.54
-6.48 -7.8
-4.87 8.07
6.36 -3.15
5.76 -3.72
-3.29 -10.2
6.07 -3.35
2.28 -5.76
3.11 -4.66
-2.94 -10.3
-8.84 5.33
-0.05 3.51
4.6 8.22
-3.94 -1.55
-4 -1.53
-9.87 -0.76
1.62 1.78
-0.55 3.53
11.1 -7.59
14.5 0.3
7.08 -2.72
7.44 -0.42
-8.63 -5.78
-2.52 -10.6
-1.33 -4.44
6.31 6.21
-3.63 -1.68
5.47 -4.39
-4.94 -9.47
1.48 1.72
-3.33 2.41
-1.01 -4.31
-8.73 5.33
7.25 -2.03
3.96 7.69
-2.61 1.65
-2.5 -11.3
3.06 8.65
6.67 6.45
-0.28 3.02
-6.41 -8.97
-2.77 -11
6.57 -1.62
-10.4 -0.23
7.66 0.57
2.2 1.83
-1.91 -4.37
-1.29 3.1
-8.1 -6.82
-9.31 -5.11
7.46 1.3
13.7 -2.52
-2.32 -3.52
9.2 -8.39
-9.06 -3.32
0.78 8.78
3.68 -4.59
13.2 -3.51
0.69 3.21
-4.01 -1.56
0.03 2.83
-2.05 2.19
8.18 2.09
-1.11 -4.43
5.97 7.14
10.4 -7.71
-3.46 0.76
13.3 -1.69
7.51 0.2
-0.13 -4.54
0.12 3.23
6.3 -2.16
-9.6 3.76
-0.84 3.53
-3.6 -1.62
5.04 -3.82
-3.5 -1.04
-2.32 -4.04
-2.59 2.06
7.7 1.41
0.67 2.52
4.95 -10.9
-9.26 -5.12
-3.98 -0.99
-0.98 3.58
-0.77 -11
0.73 2.81
1.68 2.62
-0.71 3.26
1.18 -11.9
9.39 -9
12.4 -4.25
1.13 2.68
10.2 -8.53
-3.76 1.18
-3.61 -0.25
-3.92 0.98
-2.48 2.84
11.4 -5.89
-1.73 -5.08
-2.29 2.92
-9.54 1.88
9.44 -8.78
-0.65 9.5
7.02 -0.81
5.67 -3.94
1.52 2.1
7.96 -9.39
-3.08 -2.72
-5.95 -8.67
-4.82 8.07
7.7 1.85
-5.46 -8.88
0.18 2.63
-10.3 -0.98
4.8 -4.33
4.66 -3.89
-8.65 4.91
-1.24 -11.3
-9.17 2.72
1.3 -5.77
7.55 0.93
-0.17 3.56
0.11 2.79
-1.23 3.3
-0.89 3.2
5.48 -3.26
-2.11 2.39
-3.45 8.78
7.2 -0.16
-3.04 -2.06
-0.31 3.02
-5.09 -9.11
2.62 9.19
-6.09 7.57
2.01 -4.91
6.33 6.14
-4.24 8.54
-10.3 -0.93
1.69 -5.4
-2.12 2.64
-10 0.37
-3.24 -1.81
2.97 8.41
0.57 3.22
1.97 9.53
1.59 2.61
11 -7.81
-3.65 0.89
-6.93 6.08
5.34 7.19
-9.77 1.97
-6.44 7.13
5.24 7
6.83 6.29
-6.37 -8.46
-2.99 -2.96
4.42 -3.96
12 -6.24
-5.98 7.9
2.26 9.24
0.4 -11.4
1.28 1.78
-9.57 -1.87
0.72 9.49
1.85 2.71
-7.46 -6.88
-6.95 -8.51
-1.92 2.12
0.06 -4.92
1.59 2.25
-2.21 2.79
-10.1 -0.31
-3.19 -2.36
13.4 -1.76
1.36 -11.3
-6.57 9.76
9.96 0.54
-8.45 8.17
0.81 -1.21
9.81 2.55
-10.4 5.25
6.85 9.18
3.36 2.02
9.67 2.15
7.29 -4.89
-5.08 2.57
3.63 -6.69
3.1 -0.55
8.09 -4.37
-0.62 -6.91
3.45 0.42
-0.09 4.96
-5.66 -2.32
-11.8 0.89
-6.56 10.4
2.96 3.37
-3.37 3.98
-10 5.78
0.72 11.4
9.21 3.88
9.63 -0.62
8.03 -3.8
-0.6 -7.16
8.84 6.42
1.45 5.3
-0.09 -0.83
-12.2 0.79
-11.9 3.14
1.91 11.8
1.24 -7.72
0.84 -1.58
9.16 4.38
3.76 -7.03
-0.36 11.5
2.95 11.3
-3.79 -5.62
9.38 3.57
6.82 8.88
-6.1 -0.16
-11.8 0.74
0.81 5.53
0.99 -1.65
6.37 -6.05
-4.85 -4.36
9.45 -0.69
-4.57 4.1
1.08 11.6
3.21 3.38
-4.97 10.7
-5.67 -3.09
9.65 -0.31
-10.8 5.48
3.61 3.29
2.93 10.7
-4.71 3
-3.46 11.3
3.76 1.35
-2.99 4.55
-0.75 11.5
-1.72 5.4
2.32 11.2
0.52 11.5
3.91 10.6
1.75 -7.44
3.22 3.73
-3.93 10.8
-5.07 3.12
3.11 -1.19
-1.54 5.02
9.74 4.24
5.85 -6.74
10.3 0.26
-3.28 11.1
0.15 11.9
2.8 4.48
-5.79 0.02
-4.9 2.96
-4.93 -3.93
9.63 4.48
10.1 3.87
4.11 0.61
3.86 0.6
1.49 -7.51
-3.16 4.07
3.4 -6.66
4.47 10.9
-2.98 11
2.63 4.15
8.93 5.81
2.57 -0.66
3.68 -0.05
0.87 11.4
8.94 -2.65
-3.68 3.76
1.58 -1.75
-10.5 6.43
-5.73 1.75
0.87 -1.63
3.98 1.1
3.09 11
0.37 -0.89
-6.33 -0.97
7.47 -4.84
-5.04 -4.2
8.89 7.05
9.81 -0.54
2.94 0.04
9.93 2.66
3.51 0.21
-5.64 10.5
-4.89 3.41
-3.09 -6.31
-5.63 0.64
-1.49 5.42
0.94 5.36
0.51 -0.8
-5.3 1.12
10.2 -0.38
-5.3 -3.28
7.99 -3.73
3.65 1.55
-1.81 11.4
-6.16 0.59
-6.73 9.24
5.75 9.37
-5.13 10.4
-12 2.87
10.1 0.22
-0.17 -1.11
1.34 -1.46
2.14 -7.25
1.83 4.23
-5.19 -3.52
-7.04 9.82
3.99 0.4
-5.35 0.89
9.37 -2.45
-9.16 7.86
0.74 5.15
-5.35 2.14
-9.29 7.04
-1.54 5.15
2.98 0.42
2.21 4.31
-11 3.03
-2.87 11.3
4.04 1.72
3.36 3.39
2.98 -0.46
3.05 -7.17
9.6 0.75
1.44 11.1
-0.89 5.45
-0.3 -0.85
-4.59 3.2
3.53 10.9
-5.31 10.3
-5.64 -1.79
-4.87 -4.46
0.25 5.55
-6.31 9.98
2.7 3.93
-3.53 4.07
-11.1 4.74
1.17 11
3.32 2.63
2.05 -0.92
-1.76 5.08
-10.3 5.64
3.23 -0.92
3.28 1.23
-2.81 11.6
-5.12 11.1
-3.93 3.97
-0.06 -1.31
-7.09 10
6.61 -5.49
0.97 -7.85
-9.68 6.48
2.21 4.13
3.49 -0.95
2.39 -1.16
-0.87 -6.76
2.51 -1.13
2.54 -0.35
-5.18 2.44
-4.9 2.56
-4.88 2.79
-4.31 3.99
9.79 1.13
4.1 1.28
2.5 11.2
3.3 0.34
-4.38 -4.68
1.2 -1.14
-1.22 11.1
-4.51 4.02
-11.2 2.72
1.5 -7.59
-5.53 1.49
-3.06 -5.47
-2.65 -6.34
0.71 -0.71
8.14 6.25
0.98 -0.9
2.41 4.17
3.8 0.64
9.77 0.62
3.69 2.3
0.76 -1.66
-5.56 0.24
-0.31 5.14
1.4 11
9.17 4.64
2.52 -7.88
-6.2 0.11
-9.71 7.01
1.42 5.39
9.75 -0.76
3.97 1.89
1.07 -7.73
3.77 0.46
-4.74 -4.11
0.58 -1.38
-6.03 -2.13
9.46 -0.39
8.37 -3.62
9.78 -1.79
9.44 -0.19
-2.23 -6.72
-2.85 -6.41
-3.36 -5.37
1.36 -0.83
-2.72 -6.74
-11.9 2.08
-5.72 10
1.52 -7.76
0.63 11.2
-5.36 2.39
-1.26 -7
1.73 4.96
1.22 -1.49
8.14 6.72
-3.83 10.9
-9.87 6.17
-5.89 -2.94
3.6 1.35
4.99 9.75
0.52 5.48
-3.41 -6.33
9.41 5.58
6.13 -5.88
9.58 2.05
-2.15 -6.13
-3.18 5
-5.58 0.02
2.95 3.51
0.3 4.8
1.08 4.71
0.69 11.4
3.35 2.32
9.17 -3.03
8.09 -3.25
-3.28 11.2
-4.92 3.52
-5.47 -3.64
-4.13 -4.97
2.81 -0.68
-0.08 -0.95
9.55 4.07
2.19 4.92
5.3 -6.42
2.53 -0.54
-5.83 0.12
1.19 -1.09
0.45 -0.75
2.1 4.4
-6.32 -0.62
2.49 -0.57
1.77 -1.66
2.58 -0.62
9.46 3.99
6.61 -5.67
4.01 -7.04
-4.43 3.64
5.53 -6
-6.16 0.24
-3.74 4.16
6.95 9.3
-7.55 9.22
3.48 2.61
-10.2 6.09
1.09 -1.26
3.4 -0.49
6.47 -5.45
2.51 -1.44
10.3 2.18
9.14 -2.64
3.46 -0.28
4.11 1.34
-1.71 -7.17
7.85 -4.48
2.65 -6.79
7.84 8.19
-0.21 5.63
8.54 -2.99
-8.98 8.23
9.67 -2.11
6.31 -6.2
-0.14 -0.92
-5.88 -0.43
0.3 -0.78
-4.91 10.2
1.49 -1.01
0.33 5.11
-3.17 -5.65
3.96 2.7
-11.8 3.67
-3.82 -4.53
-11.2 3.7
-1.11 -7.27
0.48 5.15
2.6 -7.11
-7.55 8.93
0 5.67
2.91 3.49
-5.97 -1.33
0.36 5.45
-1.19 -6.62
-5.27 2.83
3.37 1.33
6.25 8.69
-0.03 -6.94
-2.39 10.9
-11.8 1.77
3.89 2.16
0.98 11.8
3.09 3.6
0.85 -1.13
6.35 -5.6
-5.72 -2.09
2.8 -0.48
-0.32 5.02
-4.13 -4.03
7.8 -4.71
0.94 -1.35
2.28 -0.83
2.8 -1.1
-5.92 -0.63
-3.37 11.4
-7.6 9
-2.18 4.54
-4.93 2.58
2.98 -0.76
9.79 4.43
10.2 2.92
-3.99 3.64
3.87 0.8
-6.14 1.4
-9.69 5.98
-4.1 3.6
-3.83 -5.5
-1.88 5.15
4.62 10.2
9.75 2.22
-2.03 -7.13
-4.69 -3.71
9.61 4.17
-10.2 6.18
3.68 0.33
-0.07 5.55
6.73 8.63
-11.9 2.08
-2.07 10.9
-4.71 -4.57
0.38 -0.96
-4.03 4.5
-0.4 4.84
0.77 -1.59
5.29 -6.32
-5.96 -1.35
2.64 4.12
3.84 2.13
-5.47 -0.53
2.35 -0.77
0.23 -7.55
-5.17 1.54
0.88 -1.09
2.82 4.14
6.68 -4.83
0.35 -1.42
-5.78 -0.1
2.93 2.97
5.33 10.5
9.17 6.41
0.17 5.22
3.31 -0.36
-5.03 3.58
-5.35 0.76
-5.23 -2.8
-10.4 5.57
-4.41 -4.55
-12.1 2
6.35 9.18
10.3 0.05
1.48 4.56
-0.99 4.88
5.77 9.11
8.49 5.89
0.59 -1.47
0.85 -0.92
10.2 1.74
0.87 -1.63
-6.29 -0.16
-4.92 3.81
2.79 -1.31
3.78 3.01
-0.53 5.8
-3.66 4.54
3.17 3.79
0.35 -1.49
-6.02 0.64
2.99 -0.37
8.02 8.08
-3.29 11.5
4.33 10.2
0.53 -0.81
6.32 8.94
2.37 -0.99
7.89 -4.29
4.41 10.5
-11.2 2.97
4.24 1.86
7.93 7.61
-3.37 -5.95
3.96 3.28
4.41 9.9
5.84 -6.4
-5.3 3.19
-5.77 -2.52
-5.37 -3.53
0.4 4.83
9.79 3.4
3.98 0.41
-5.54 -0.92
-4.4 -5.11
3.37 1.5
-1.6 -6.93
0.18 5.02
3.7 0.39
4.09 -6.55
-2.05 11.5
-10.1 5.74
-3 11.4
0.98 -1.55
-5.3 0.18
-4.45 -3.76
-0.26 -7.1
-5.62 -2.44
-0.48 -7.16
3.21 -7.14
6.61 -5.45
-4.97 3.66
-0.31 -6.76
6.32 -6.07
-1.71 4.78
10.2 3
5.96 9.59
-5.33 -0.21
5.63 -6.06
7.64 8.41
5.74 -5.88
-4.82 3.43
-3.72 4.45
4.69 9.95
-3.56 3.97
-0.64 5.18
-1.49 5.65
3.76 10.7
8.83 -3.28
0.42 -1.03
-3.08 -5.92
3.34 1.85
3.75 1.5
9.57 1.15
0.68 -0.96
-9.18 7.79
-12.4 0.39
-4.82 2.7
-5.05 1.11
8.84 6.72
3.47 10.4
2.27 4.89
-4.39 -3.79
3.34 2.47
-3.78 4.03
5.87 9.23
2.86 -0.4
1.79 4.37
8.86 -3.94
-5.15 2.97
-2.74 -6.37
3.38 -0.23
2.88 11.3
-1.93 -6.23
-4.49 -4.61
1.31 -1.02
6.35 8.8
3.54 10.8
-4.79 3.01
9.92 0.88
-5.47 0.52
2.33 4.33
1.89 -0.94
8.77 6.75
9.5 5.2
-5.57 -0.61
-11.4 3.24
3.48 3.4
-8.37 8.93
9.57 3.94
-0.49 -6.98
-2.64 5.24
-11 4.61
0.78 -0.81
3.38 2.23
0.98 -0.81
2.3 -1.03
-5.7 -0.34
2.26 4.84
-3.89 -5.46
-9.5 7.96
3.62 0.81
-12.2 2.4
-5.43 1.13
1.69 4.86
0.87 -1.52
-4.8 2.94
8.96 -2.41
1.42 -1.29
3.8 2.48
-4.11 4.62
3.94 1.3
2.33 3.82
3.23 -0.33
-5.71 0.4
0.13 -1.11
-4.42 11
8.93 5.66
4.26 0.92
1.18 -1.71
1.52 11.4
0.78 -0.76
0.07 -0.75
0.52 -1.64
0.01 11
-6.97 9.34
-11.1 4.71
-0.2 -0.76
-8.73 7.97
3.21 0.37
3.82 1.15
3.47 0.55
2.67 -0.64
-9.99 6.85
1.93 5.08
2.63 -1.22
9.75 -0.22
-7.65 9.33
2.15 -7.53
-5.73 1.69
-3.66 3.88
-6.14 10.1
3.48 2.94
5.76 9.52
5.32 -6.72
-5.75 -0.11
5.81 9.18
9.91 2.68
-2.85 4.85
-3.49 5.03
8.96 -3.62
1.72 11.6
9.01 -1.75
-0.29 5.56
-6.11 0.61
1.08 -1.75
0.94 -0.81
1.27 -1.19
1.97 -1.48
-3.55 3.74
2.38 -0.46
4.58 -6.76
-5.68 1.8
3.46 2.19
0.86 -0.8
5.43 9.85
-1.78 -7.08
6.44 -6.16
-1.21 5.18
-4.38 -4.37
4.67 -6.47
9.79 2.39
-0.45 5.28
2.99 -0.87
9.64 0.67
4.22 2.25
-1.77 -7.35
-1 -7.06
-8.68 7.95
3.51 -0.05
7.08 -5.21
-3.67 -5.76
9.2 -1.12
6.53 -5.77
-3.23 -5.31
-4.2 -4.01
6.84 9.16
3.2 3.49
-3.21 4.48
-9.83 6.88
6.05 -5.86
-1.51 -7.05
0.74 11.5
10.1 2.97
0.16 -7.04
7.81 7.55
6.98 8.86
2.15 -1.15
0.75 5.32
2.61 -1.32
9.93 1.1
3.05 2.72
-11.8 3.33
-0.32 11.9
-7.09 10.5
11.4 0.52
-8.99 8.99
0.7 -2.44
-0.99 -1.06
11 2.56
-11.8 5.02
7.52 9.17
4.26 2.41
10.8 2.74
8.19 -4.89
-6.5 2.69
3.85 -8.14
3.13 -1.63
8.86 -5.62
-1.31 -7.76
4.46 0.55
-0.21 6.46
-6.38 -3.01
-12.5 1.22
-6.9 10.6
3.6 4.11
-4.38 5.25
-11.5 6.63
0.64 13
10.7 4.66
10.9 -0.55
8.9 -4.52
-1.18 -7.61
8.91 7.44
1.63 5.5
0.12 -1.27
-13.2 0.74
-12.9 2.88
1.61 12.7
1.57 -8.39
1.67 -2.23
10.3 4.01
4.18 -7.74
0.54 12.8
3.21 11.6
-4.17 -6.04
10.6 3.48
7.23 9.86
-6.37 -0.44
-12.7 1.16
0.62 5.7
1.02 -2.63
7.16 -6.26
-5.6 -5.41
10.7 -1.25
-4.68 4.73
0.91 12.6
3.7 4.22
-5.58 11.7
-6.46 -3.88
10.9 -0.77
-11.5 6.4
4.24 4.18
2.96 11.6
-5.72 3.63
-4.14 12.4
4.27 1.59
-3.79 4.74
-0.39 12.4
-2.01 6.55
3.41 12.5
0.01 12.2
4.74 11.2
2.1 -8.42
4 5.02
-3.92 11.6
-5.06 4.15
3.29 -1.37
-1.56 5.67
10.5 4.44
5.77 -7.54
10.8 1.1
-3.05 12
-0.09 12.2
3.61 4.74
-6.37 0.25
-5.47 4.39
-5.4 -4.81
10.7 4.08
10.9 3.65
4.51 1.13
4.82 0.3
2.19 -7.97
-4.22 5.51
4.13 -7.82
4.87 11.8
-2.99 11.8
3.16 4.22
9.6 6.37
2.63 -1.44
4.1 -0.6
0.64 12.1
10.2 -3.25
-4.17 4.42
1.99 -1.9
-10.9 6.73
-6.47 1.58
1.3 -2.59
-0.72 -0.85
4.86 0.92
2.87 11.8
1.2 -2.03
-6.65 -1.19
8.01 -5.62
-5.17 -5.05
9.57 7.11
10.5 0.03
3.63 -1.01
-0.57 -1.24
11.2 2.31
4.74 0.31
-5.98 11.1
-5.37 4.11
-3.08 -7.46
-6.88 0.71
-1.43 6.15
0.68 6.61
0.61 -2.02
-6.67 1.2
-0.51 -1.39
11.2 0.13
-5.82 -3.8
9.45 -4.85
4.38 2.84
-1.02 12.8
-6.74 1.19
-7.25 10.4
5.82 10.2
-6.05 11.1
-13.1 2.68
10.8 -0.47
0.16 -1.62
1.45 -2.3
1.99 -8.16
2.59 5.09
-5.84 -3.86
-6.77 10.3
4.28 -0.09
-6.72 1.46
10.2 -3.12
-9.43 8.77
-0.33 -1.44
0.88 6.12
-5.78 2.49
-10.2 8.12
-1.69 5.94
-1.04 -0.81
4.05 -0.3
2.98 4.99
-12.8 3.23
-3.71 11.9
5.05 2.09
3.43 3.69
4.11 -0.7
2.95 -8.74
10.5 1.18
0.83 12.2
-1.19 6.6
-0.06 -1.71
-5.34 4.09
4.13 11.3
-6.19 11.1
-6.75 -2.22
-5.22 -4.61
0.3 6.35
-6.45 11
3.69 4.55
-4.31 4.59
-12.1 5.82
1.56 12.3
3.99 3.15
3.35 -1.58
-0.42 -1.72
-1.32 5.9
-11.5 6.43
4.17 -1.22
4.53 1.42
-3.29 12.1
-5.4 11.4
-4.85 4.35
-0.07 -1.65
-7.76 10.3
8.21 -5.78
0.91 -8.53
-10.4 7.32
2.46 5.19
4.21 -0.54
3.1 -2.11
-0.75 -7.75
3.31 -0.78
3.57 -1.25
-5.53 2.97
-5.83 2.94
-5.26 3.46
-4.62 4.49
10.6 1.18
5.21 2.02
2.41 12.1
4.79 0.52
-5.49 -5.01
1.15 -2.54
-1.71 12.5
-5.07 4.03
-12.4 3.05
1.61 -8.75
-6.52 2.32
-3.51 -6.29
-2.6 -6.98
0.68 -2.41
9.26 7.21
1.91 -2.69
2.1 5.07
4.7 -0.22
10.9 0.06
4.84 2.6
0.98 -1.86
-7.13 -0.59
-0.19 6.04
1.53 12.4
10.1 4.59
1.98 -8.16
-6.88 -0.55
-10.1 8.34
1.78 6.18
10.5 -0.36
4.63 1.41
0.27 -8.84
4.76 -0.27
-5.94 -3.8
1.17 -2.17
-6.62 -2.83
10.6 -0.71
9.68 -3.39
10.5 -2.04
11.3 -0.88
-2.68 -6.9
-2.55 -6.68
-3.74 -6.22
2.13 -2.2
-3.02 -6.9
-12.5 1.44
-6.14 10.8
1.49 -7.98
0.31 12.1
-5.91 2.66
-2.24 -8.11
1.43 6.04
2.08 -1.79
8.91 7.22
-3.9 11.7
-0.84 -0.98
-11 6.87
-6.49 -3.11
4.79 0.7
5.38 11.6
0.34 5.74
-3.35 -6.54
9.64 6.45
6.28 -7.22
10.8 2.1
-2.04 -7.7
-3.29 5.76
-6.77 0.09
3.32 4.36
0.42 5.92
1.97 5.42
0.72 12
4.5 2.73
9.78 -3.1
9.56 -4.59
-4.07 11.5
-4.95 4.3
-5.68 -4.25
-4.93 -5.75
2.77 -1.31
0.34 -1.71
10.7 5.16
2.05 5.24
5.24 -7.66
3.67 -1.54
-6.53 0.33
1.73 -2.27
0.57 -2.45
2.59 5.42
-7.28 -0.84
3.76 -1.71
2.44 -2.46
3.56 -1.24
10.4 4.93
6.97 -6.12
4.38 -8.4
-5.21 4.1
6.35 -6.53
-6.38 -0.09
-4.81 4.7
7.09 9.63
-7.89 9.86
4.56 2.69
-11.3 5.66
0.4 -1.77
4.51 -0.56
7.35 -6.1
3.08 -2.05
10.9 2.42
10.1 -3.66
3.91 -0.07
4.6 1.47
-1.62 -7.23
8.62 -4.97
2.86 -8.67
-0.52 -1.42
-0.82 -0.9
8.4 8.52
-0.01 5.79
9.88 -2.82
-10 8.65
10.6 -1.8
6.38 -7.43
-0.05 -1.52
-7.13 -0.46
-0.12 -1.74
-5.73 11
1.9 -2.03
0.17 6.42
-3.4 -6.71
4.1 2.56
-12.2 3.6
-5.15 -5.37
-12.8 3.66
-1.29 -8.5
0.5 6.76
3.57 -8.39
-8.34 9.78
-0.16 6.73
3.47 5.15
-6.9 -2.03
0.17 6.56
-0.6 -7.8
-6.07 3.42
4.65 2.03
7 9.78
-0.19 -8.54
-3.56 11.8
-12.6 1.36
4.76 2.36
0.93 12.1
3.96 4.78
0.06 -1.94
7.35 -6.28
-6.68 -2.02
3.89 -1.42
-0.63 6.19
-4.98 -5.11
8.38 -5.65
0.67 -2.03
3.26 -1.32
3.99 -1.06
-7.05 -0.95
-3.21 12.2
-8.49 9.22
-0.96 -0.75
-3.43 5.56
-5.86 2.89
4.32 -0.2
10.5 5.36
10.7 2.32
-5.43 4.38
4.68 1.27
-6.6 1.32
-10.9 6.22
-5.46 4.51
-4.38 -6.26
-2.18 5.78
5.8 11.2
10.6 3.04
-1.48 -7.47
-5.45 -4.26
11.1 4.13
-1.08 -0.98
-11.5 6.64
4.23 0.51
-0.37 6.43
7.3 9.51
-13 1.6
-3.15 12.8
-4.56 -5.57
0.41 -2.01
-4.9 4.26
0.23 5.85
2 -2.14
6.54 -6.79
-6.57 -1.11
3.28 5.43
4.56 2.73
-7.06 -1.55
3.78 -1.78
0.8 -8.2
-6.27 1.91
1.2 -2.09
2.78 5.1
7.24 -5.6
1.44 -2.65
-7.08 -0.46
3.51 4.14
5.61 11.3
10 7.07
-0.56 5.9
-0.67 -1.35
4.05 -0.08
-5.61 3.61
-7.09 0.21
-6.27 -2.8
-11.2 6.31
-4.85 -5.74
-13.2 2.81
7.19 10.3
10.9 -0.18
1.9 6.11
-1.02 6.06
7.27 10.1
9.95 6.73
0.01 -2.21
1.2 -2.52
11.1 2.73
0.68 -2.19
-6.74 -0.27
-5.58 3.4
3.97 -1.51
3.98 3.9
-0.76 6.11
-3.9 5.33
3.36 3.99
1.05 -2.45
-6.62 1.16
4.97 -0.08
8.68 8.5
-3.86 11.7
4.41 11.7
0.56 -2.43
7.46 9.41
2.93 -2.26
8.79 -4.77
5.38 11.1
-12.2 3.61
5.19 1.35
8.38 8.51
-3.81 -6.12
4.07 3.19
5.48 10.5
6.85 -6.41
-5.74 3.61
-6.42 -2.97
-6.17 -3.83
0.31 6.48
10.2 4.32
4.51 0.71
-7.04 -1.4
-5.23 -4.98
4.87 1.8
-1.62 -7.69
1.05 6
4.02 -0.31
4.68 -7.79
-2.01 12.4
-10.8 6.45
-2.77 12.2
2.3 -2.28
-6.89 0.91
-6.08 -4.2
-0.73 -8.59
-6.7 -2.43
0.32 -8.4
3.53 -8.27
7.55 -5.54
-5.34 3.45
-0.68 -7.79
7.66 -6.76
-2.07 5.58
10.6 2.6
6.65 9.77
-6.46 -0.22
6.69 -6.54
7.48 8.8
5.87 -7.07
-5.36 4.15
-4.76 4.72
4.29 11.2
-5.07 4.35
-1.28 6.76
-2.11 5.66
3.94 11.3
9.84 -4.33
1.05 -2.51
-3.6 -7.22
4.94 2.55
5 2.53
10.9 1.76
-0.62 -0.78
1.55 -2.53
-10.1 8.59
-13.5 0.7
-6.08 3.72
-6.44 1.42
9.63 6.78
3.52 11.6
2.33 5.44
-5.31 -5.21
4.63 2.68
-4.47 5.39
5.94 10.5
-0.48 -0.72
4.33 -1.41
2.01 5.31
9.73 -4.33
-6.25 3.03
-2.96 -6.69
3.61 -0.65
3.5 12.3
-2.06 -7.65
-5.67 -5.45
1.27 -2.02
7.41 9.97
3.77 12
-5.57 2.62
11.4 1.23
-6.66 0.43
-1.2 -0.83
2.91 5.37
2.29 -2.1
9.1 7.82
10.3 6.11
-6.46 -0.3
-12.7 3.52
3.32 4.52
-8.2 9.39
10.1 4.32
0.22 -7.78
-2.68 5.59
-12.2 4.51
0.31 -2.21
5.01 2.56
0.97 -1.83
3.05 -1.19
-7.18 -1.09
2.11 5.43
-4.97 -6.14
-9.4 8.71
4.46 0.24
-12.3 2.69
-6.51 0.8
1.12 5.54
0.88 -2.23
-5.3 3.16
10.6 -2.76
1.83 -2.53
4.6 2.62
-4.04 4.82
4.5 2.04
3.32 5.04
3.59 -1.06
-6.7 -0.41
0.34 -1.52
-3.95 11.9
10.3 6.12
4.98 1.99
1.97 -2.58
1.77 12
0.27 -1.81
-0.68 -1.62
1.71 -2.26
-0.18 12.9
-8.39 10
-11.4 5.25
-0.13 -1.68
-9.2 9.53
4.76 -0.18
4.61 1.25
4.92 0.02
3.48 -1.84
-10.4 6.89
2.73 6.08
3.29 -1.92
10.5 -0.88
-8.44 9.78
1.65 -8.5
-6.02 1.81
-4.67 4.94
-0.52 -1.1
-6.96 10.4
4.08 3.72
6.95 9.67
5.82 -7.07
-6.7 -0.85
6.46 9.88
0.82 -1.63
11.3 1.98
-3.8 5.33
-3.66 4.89
9.65 -3.91
2.24 12.3
10.2 -1.72
-0.3 6.77
-6.55 0.07
1.17 -2.56
0.89 -1.79
2.23 -2.3
1.89 -2.2
-4.48 4.26
3.11 -1.39
4.45 -7.78
-6.2 1.16
4.04 3.06
1.31 -2.02
6.09 10.1
-1.62 -8.19
7.09 -6.57
-1.01 5.91
-5.33 -5.14
5.24 -7.54
11.3 1.93
-0.69 6.4
3.12 -1.64
11 0.64
4.24 2.81
-1.97 -7.41
0.43 -2.22
-0.97 -8.53
-0.59 -1.61
-10 8.81
4.65 0.11
7.93 -5.08
-4.34 -6.19
10.8 -0.97
7.44 -6.13
-4.24 -6
-5.83 -5.29
7.37 9.46
3.99 3.96
-3.42 4.96
-11 7.24
6.98 -6.9
-1.26 -8.24
0.6 12.4
-0.28 -0.78
10.6 2.87
0.29 -8.49
-0.85 -1.71
8.46 7.88
7.95 9.51
2.92 -1.12
0.94 5.92
-0.59 -1.25
3.21 -1.79
11.1 1.31
4.19 3.36
-12.4 2.76
-0.36 12.3
